
00000000000000000000000000000000
00000000000000000000000000000000
00000000000011111111111000000000
00000000001111111111111110000000
00000000011111111111111111000000
00000000111111111111111111100000
00000001111111111111111111100000
00000001111111111111100001100000
00000011111111111111000001000000
00000011111111111111000001000000
00000011111111111110000010000000
00000011111111111000011110000000
00000011111111100000010010000000
00000011111110000000000001000000
00000011111110000000000001000000
00000011111110000000000000100000
00000011111111100000000011000000
00000011111111110000000010000000
00000001111111100000000010000000
00000001111111100000000010000000
00000000111111000000000010000000
00000000001110000111111100000000
00000000001000000010100000000000
00000000001000000001100000000000
00000000011100000000100000000000
00000000111111100001010000000000
00000001111111111000111100000000
00000001111111111111111110000000
00000001111111111111111110000000
00000000000111111111110000000000
00000000000000000000000000000000
00000000000000000000000000000000