
00000000000000011111111111000000
00000000000001111111111111110000
00000000111111111111111111111000
00000011111111111111111111111100
00000111111111111111111111111100
00001111111111111111111100001100
00011111111111111111111000001000
00011111111111111000011000001000
00111111111111110000010000010000
00111111111111110000010011110000
00111111111111100000100010010000
00111111111110000111100000001000
00111111111000000100100000001000
00111111100000000000010000000100
00111111100000000000010000011000
00111111100000000000001000010000
00111111111000000000110000010000
00111111111100000000100000010000
00011111111000000000100000010000
00011111111000000000111111100000
00001111110000000000110100000000
00000011100001111111001100000000
00000010000000101000000100000000
00000010000000011100001010000000
00000111000000001111000111100000
00001111111000010111111111110000
00011111111110001111111111110000
00011111111111111111111110000000
00011111111111111111100000000000
00000001111111111100000000000000
00000000000000000000000000000000
00000000000000000000000000000000