000000000000000000000000000000
000000000000000000000000000000
000000000000000000000000000000
000000000000000000000000000000
000000000000000000000000000000
000000000000000000000000000000
000000000000000000000000000000
000000000000000000000000000000
000000000000000000000000000000
000000000000000000000000000000
000000000000000000000000000000
000000000000000000000000000000
000000000000000000000101000000
000000000000000000001000000000
000000000000000001000000100000
000000000000000001100000000000
000000000000111110110000000000
000000000011111100011000000000
000000000111100101110000000000
000000001110001011010000100000
000000001100001111111000000000
000000011000011111111000000000
000000011000111111111001000000
000000011001111111111100000000
000000011101111111101000000000
000000011001111111111100100000
000000011111111111111000010000
000000001111111111011000000000
000000001111111110110010000000
000000000111111111110000011000
000000000011111111100000010000
000000000000111100000000100000
000000000000000000000000000000
000000000000000000000000000000
000000000000000000000000000000
000000000000000000000000000000
000000000000000000000000000000
000000000000000000000000000000
000000000000000000000000000000
000000000000000000000000000000