000000000000000000000000000000
000000000000000000000000000000
000000000000000000000000000000
000000000000000000000000000000
000000000000000000000000000000
000011111111111111111111100000
000011111111111111111111100000
000011000000000000000001100000
000001111111111111111111000000
000001000000000000000001000000
000001000000000000000001000000
000001000000000000000001000000
000001100101010101010011000000
000000110010101010100110000000
000000011001010101001100000000
000000001100101010011000000000
000000000110010100110000000000
000000000011001001100000000000
000000000001100011000000000000
000000000001100011000000000000
000000000001101011000000000000
000000000001100011000000000000
000000000011000001100000000000
000000000110001000110000000000
000000001100000100011000000000
000000011000000000001100000000
000000110000101010000110000000
000001100001010101000011000000
000001000010101010100001000000
000001000101010101010001000000
000001001010101010101001000000
000001111111111111111111000000
000011000000000000000001100000
000011111111111111111111100000
000011111111111111111111100000
000000000000000000000000000000
000000000000000000000000000000
000000000000000000000000000000
000000000000000000000000000000
000000000000000000000000000000