000000000000000000000000000000
000000000000000000000000000000
000000000000000000000000000000
000000000000000000000000000000
000000000000000000110000000000
000000000000000000110000000000
000000000000000001100000000000
000000000000000011000000000000
000000000000000011000000000000
000000000000000110000000000000
000000000000000110000000000000
000000000000000110000000000000
000000000000001100000000000000
000000011000001100000110000000
000000011000001100000110000000
000000011000001100000110000000
000000000000001100000000000000
000000000000001100000000000000
000000000000011000000000000000
000000000000110000000000000000
000000000001111111000000000000
000000000001111111000000000000
000000000000000111000000000000
000001100000000111000001100000
000001110000000111000011100000
000000111111111111111111000000
000000000111111111111100000000
000000000000000011100000000000
000000000000000011000000000000
000000000000000011000000000000
000000000000000011000000000000
000000000000000001100000000000
000000000000000001100000000000
000000000000000000000000000000
000000000000000000000000000000
000000000000000000000000000000
000000000000000000000000000000
000000000000000000000000000000
000000000000000000000000000000
000000000000000000000000000000
