000000000000000000000000000000
000000000000000000000000000000
000000000000000000000000000000
000000000000000000000000000000
000000000000000000000000000000
000000000000000000000000000000
000000000000000000000000000000
000000000000000000000000000000
001000000000000000000011111110
011100000000000000011111111110
011111000000000001111111111100
011111110000000111111111100000
011111111000001111111110000000
001111111100011111111000000000
000011111110111111100000000000
000001111111111111000000000000
000000111111111110000000000000
000000011111111100000000000000
000000001111111000000000000000
000000011111111000000000000000
000000011111111100000000000000
000000111111111110000000000000
000000111111111111000000000000
000001111110011111100000000000
000001111100001111110000000000
000011111100000111111000000000
000011111000000111111100000000
000111111000000011111110000000
000111110000000001111111000000
000111110000000000111111100000
000111110000000000011111110000
000111100000000000000111111000
000111100000000000000011111000
000000000000000000000000000000
000000000000000000000000000000
000000000000000000000000000000
000000000000000000000000000000
000000000000000000000000000000
000000000000000000000000000000
000000000000000000000000000000
