
00000000000000000000000000000000
00000000000000000000000000000000
00000000000000000000000000000000
00000000000000000000000000000000
00000000000000000000000000000000
00000000000000000000000000000000
00000000111011101110111000000000
00000000101010101010101000000000
00000000101010101010101000000000
00000000111011101110111000000000
00000000000000000000000000000000
00000000111011101110111000000000
00000000101010101010101000000000
00000000101010101010101000000000
00000000111011101110111000000000
00000000000000000000000000000000
00000000111011101110111000000000
00000000101010101010101000000000
00000000101010101010101000000000
00000000111011101110111000000000
00000000000000000000000000000000
00000000111011101110111000000000
00000000101010101010101000000000
00000000101010101010101000000000
00000000111011101110111000000000
00000000000000000000000000000000
00000000000000000000000000000000
00000000000000000000000000000000
00000000000000000000000000000000
00000000000000000000000000000000
00000000000000000000000000000000
00000000000000000000000000000000