
000000000000000000000000000000
000000000000000000000000000000
000000000000000000000000000000
000000000000000000000000000000
000000000000000000000000000000
000000000000000000000000000000
000000000000000000000000000000
000000000000011000000000000000
000001111001100101111000000000
000010000110000111000110100000
000010000000000100000110110000
000100000110000100000010001000
000100000110001011000101000100
000100000010000001000001000100
000100000110000011000011000100
001000000110000001000011000100
001000000110000011000011000100
001000000110000001000011000100
001000000110000011000011000100
001000000110000001000011000100
001000000110000011000011000100
001100000110000001000011000100
000110100111000011000011011100
000101000111100011100011111000
000010101111000110011110111000
000011011111110011101101110000
000011110000010110011111000000
000110100001111111111000000000
000100000010001101100000000000
000110000100011100000000000000
000110000111110000000000000000
000010001110000000000000000000
000001111000000000000000000000
000000000000000000000000000000
000000000000000000000000000000
000000000000000000000000000000
000000000000000000000000000000
000000000000000000000000000000
000000000000000000000000000000
000000000000000000000000000000