
000000000000000000000000000000
000000000000000000000000000000
000000000000000000000000000000
000000000000000000000000000000
000100000000000000000000000000
000100000000000000000000000000
000110000000000000000000000000
000111000000000000000000000000
000110111100000000000000000000
000110000111100000000000000000
000110000011111100000000000000
000110000011110010000000000000
000111110011110001000000000000
000111111100000000100000000000
000111111100001100110000000000
000110111100001110111000000000
000110000100001110111111111000
000110000011111111111100001000
000110000011110011011100001000
000111100011110001011100001000
000111111100001000000011111000
000111111100001100100011111000
000110111100001110110011111000
000110000011001111111101111000
000110000011110111111100001000
000111000011110011011100001000
000111110011110001001100001000
000110011111111001000011111000
000110000000001101000011111000
000110000000000111100011111000
000110000000000011110011111000
000110000000000001111100001000
000110000000000000111100001000
000110000000000000001100001000
000110000000000000000111110000
000010000000000000000000000000
000000000000000000000000000000
000000000000000000000000000000
000000000000000000000000000000
000000000000000000000000000000