
000000000000000000000000000000
000000000000000000000000000000
000000000000000000000000000000
000000000000000000000000000000
000000000000000000000000000000
000000000000000000000000000000
000000000000000000000000000010
000000000000000000000000111100
000000000000000000000000110000
000000000000000000000001000000
000000000000000000000011000000
000000000000000000000110000000
000000000000000000001100000000
000000000000000000011000000000
000000000000000000110000000000
000000000000100001100000000000
000000000001100011000000000000
000000000001000110000000000000
000000000011101100000000000000
000000000011111000000000000000
000000001111110000000000000000
000001111111100000000000000000
000111111111110000000000000000
000111111111111100000000000000
000111111111111100000000000000
001111111111100000000000000000
001111111111000000000000000000
011111111111000000000000000000
000000011111000000000000000000
000000011110000000000000000000
000000011110000000000000000000
000000111110000000000000000000
000000111000000000000000000000
000000100000000000000000000000
000000000000000000000000000000
000000000000000000000000000000
000000000000000000000000000000
000000000000000000000000000000
000000000000000000000000000000
000000000000000000000000000000