
000000000000000000000000000000
000000000000000000000000000000
000000000000000000000000000000
000000000000000000000000000000
000000000000000000000000000000
000000000000000100000000000000
000000000000001010000000000000
000000000000010001000000000000
000000000000100100100000000000
000000000001001010010000000000
000000000010010001001000111000
000000000100100000100100101000
000000001001000000010010101000
000000010010000000001001101000
000000100100000000000100101000
000001001000000000000010011000
000010010000000000000001001000
000100100000000000000000100100
001001000000000000000000010010
001110000000000000000000001110
000010000000000000000000001000
000010000000000000000000001000
000010000000000000000000001000
000010000000111111100000001000
000010000000100000100000001000
000010000000100000100000001000
000010000000100000100000001000
000010000000100000100000001000
000010000000100000100000001000
000010000000100000100000001000
000010000000100000100000001000
000010000000100000100000001000
000010000000100000100000001000
000010000000100000100000001000
000011111111111111111111111000
000000000000000000000000000000
000000000000000000000000000000
000000000000000000000000000000
000000000000000000000000000000
000000000000000000000000000000