
000000000000000000000000000000
000000000000000000000000000000
000000000000000000000000000000
000000000000000000000000000000
000000000000000000000000000000
000000000000000000000000000000
000000000000000000000000000000
000000000001110000000000000000
000000000110100000000000000000
000000011001000000000000000000
000000100001000000000000000000
000001000110000000000000000000
000011000010000000000000000000
000010000110000000000000000000
000100000000000000100000000000
000100000111000110110000000000
000100000101111000100000000000
001000011011000011000000000000
001000011101110010000000000000
001000000100011110000000000000
001000000000001111000000000100
001000000000000101100000001100
001000000000000101110000110100
000100000000000111011111001100
000100000000000111010000001000
000100000000000011000000011000
000010000000000001000001010000
000010000000000000000010110000
000001000000000000000001100000
000000100000000000010111000000
000000011100100101010110000000
000000000111010101111000000000
000000000000111111000000000000
000000000000000000000000000000
000000000000000000000000000000
000000000000000000000000000000
000000000000000000000000000000
000000000000000000000000000000
000000000000000000000000000000
000000000000000000000000000000