
00000000000000000000000000000000
00000000000000000000000000000000
00000000000000000000000000000000
00000000000000000000000000000000
00000000000000000000000000000000
00000000000000000000000000000000
00001110111011101110111011100000
00001010101010101010101010100000
00001010101010101010101010100000
00001110111011101110111011100000
00000000000000000000000000000000
00001110111011101110111011100000
00001010101010101010101010100000
00001010101010101010101010100000
00001110111011101110111011100000
00000000000000000000000000000000
00001110111011101110111011100000
00001010101010101010101010100000
00001010101010101010101010100000
00001110111011101110111011100000
00000000000000000000000000000000
00001110111011101110111011100000
00001010101010101010101010100000
00001010101010101010101010100000
00001110111011101110111011100000
00000000000000000000000000000000
00000000000000000000000000000000
00000000000000000000000000000000
00000000000000000000000000000000
00000000000000000000000000000000
00000000000000000000000000000000
00000000000000000000000000000000