
000000000000000000000000000000
000000000000000000000000000000
000000000000000000000000000000
000000000000000000000000000000
000000000000000000000000000000
000000000000000000000000000000
000000000000000000000000000000
000000000001111111000000000000
001101100110000000110001001100
001010011000000000001001110100
001000010000000000000100000100
001000010000000000001100000100
001000100000000000010010001100
000110100000000000110010110000
000001100000000001000011000000
000000100000000001000010000000
000000100000000010000010000000
000000011000000100000010000000
000000010111110001100100000000
000000010111110011110100000000
000000001111110011011000000000
000000100111100001110010000000
000000100001001100000010000000
000000110000011100000110000000
000000011000010110001100000000
000000011100010000001110000000
000001011000000000001001100000
001110001110000000111100011100
001000001011001010101100000100
001000011000000001001010000100
001000100010000000000010001100
001100100000000001000010000100
001111100001111111000011111100
000000000000000000000000000000
000000000000000000000000000000
000000000000000000000000000000
000000000000000000000000000000
000000000000000000000000000000
000000000000000000000000000000
000000000000000000000000000000