
000000000000000000000000000000
000000000000000000000000000000
000000000000000000000000000000
000000000000000000000000000000
000000000000000000000000000000
000000000000000000000000001100
000000000000000000000000011100
000000000000000000000000111000
000000000000000000000001110100
000000000000000000000011101100
000000000000000000000111011100
000000000000000000001110111100
000000000000000000011101111100
000000000000000000111011111100
000000000000000001110111111100
000000000000000011101111111100
000000000000000011111111111100
000000000000000111111111111100
000000000000001101111111111100
000000000000011011111111111000
000000000000010111111111110000
000000000000101111111111100000
000000000001000111111111000000
000000000010000011111100000000
000000000100000011111000000000
000000001000000101110000000000
000000010000000101000000000000
000000100000010110000000000000
000001000000010100000000000000
000010000001011000000000000000
000100011111110000000000000000
001011000000000000000000000000
011100000000000000000000000000
011111111111111111111111111100
000000000000000000000000000000
000000000000000000000000000000
000000000000000000000000000000
000000000000000000000000000000
000000000000000000000000000000
000000000000000000000000000000