
000000000000000000000000000000
000000000000000000000000000000
000000000000000000000000000000
000000000000000000000000000000
000000000000000000000000000000
000000000000000000000000000000
000000000000000000000000000000
000000000000000000000000000000
000000000000000000000000000000
000000000000000000000000000000
000000000000111111111111000000
000000000010101100111010100000
000000000100001000110000010000
000000000100010000100000011000
000000001000010001100000001000
000000001000010001000000001100
000000001000010001100000001100
000000000100010001100000011000
000000000100001000110000010000
000000111110000100011111100000
000011110111000100001010000000
000110000011000010001000000000
000100000001100010000100000000
001100000000100001000100000000
001100000000100001000100000000
000100000001100010000100000000
000010000001000010001000000000
000011000011000100010000000000
000000111111111011100000000000
000000000000000000000000000000
000000000000000000000000000000
000000000000000000000000000000
000000000000000000000000000000
000000000000000000000000000000
000000000000000000000000000000
000000000000000000000000000000
000000000000000000000000000000
000000000000000000000000000000
000000000000000000000000000000
000000000000000000000000000000