
000000000000000000000000000000
000000000000000000000000000000
000000000000000000000000000000
000000000000000000000000000000
000000000000000000000000000000
000000000001111111000000000000
000000000111000000111000000000
000000011000000000001100000000
000000110000000000000011100000
000001100000000000000000100000
000001000000000000000000011000
000001000000000000000000001000
000011000000000000000000000100
000110011100000000000000000100
000010010011000000000000000010
000010001010110000000000000010
000011011110000000000000000010
000110111111000000000000000010
000100011111000000000000000010
001000000111000000000000000010
001010000000000000000000000010
001010000000000000011000000010
000111000000000000010000000100
000101000100000000110000000100
000100000011100111111000001000
001000000000111100001101110000
001000101011111000010011000000
000101010111111000011000000000
000101101011100000011000000000
000101011100000011110000000000
000101000000111100000000000000
001000000011000000000000000000
001000001100000000000000000000
001000010000000000000000000000
000111100000000000000000000000
000000000000000000000000000000
000000000000000000000000000000
000000000000000000000000000000
000000000000000000000000000000
000000000000000000000000000000