000000000000000000000000000000
000000000000000000000000000000
000000000000000000000000000000
000000000000000000000000000000
000000000000000000000000000000
000000000000000000000000000000
000000000000000000000000000000
000000000000010000000000000000
000000000000100000000000000000
000000000000100000110000000000
000000100000100000100000000000
000000100000011001100000000000
000000011110001100100000000000
000000000011001100110011100000
000000000001101100110110000000
001100111101111111100100000000
000111001111010111000110000000
000000000110111101111100000000
000001111101111110111001110000
000001111101111110110001001000
000010001111111111111110000000
011110011101111110111110000000
000000111110111100100000000000
000000100011001011100000000000
000001100111111111110011100000
000000101100110110011110110000
000111001100110011000000010000
000000000100110011111000000000
000000000110011000001100000000
000000000010000100000100000000
000000001100000100000000000000
000000000000000100000000000000
000000000000001000000000000000
000000000000000000000000000000
000000000000000000000000000000
000000000000000000000000000000
000000000000000000000000000000
000000000000000000000000000000
000000000000000000000000000000
000000000000000000000000000000
