0000000000000000000000000000000
0000000000000000000000000000000
0000000000000000000000000000000
0000000000000000000000001111000
0000000000000000000000011111100
0000000000000000000001111111100
0000000000000000000011111111100
0000000000000000000111111111100
0000000000000000001111111000000
0000000000000000011111110000000
0000000000000000011111100000000
0000000000000000111111000000000
0000000000000001111110000000000
0000000000000001111100000000000
0000000000000011111100000000000
0001100000000011111000000000000
0011110000000111110000000000000
0011111000000111110000000000000
0011111100001111100000000000000
0011111110011111100000000000000
0011111110011111100000000000000
0010111111011111000000000000000
0000111111111111000000000000000
0000011111111110000000000000000
0000001111111110000000000000000
0000001111111110000000000000000
0000001111111110000000000000000
0000000111111110000000000000000
0000000111111100000000000000000
0000000111111100000000000000000
0000000011111100000000000000000
0000000011111100000000000000000
0000000011111100000000000000000
0000000001111000000000000000000
0000000000110000000000000000000
0000000000000000000000000000000
0000000000000000000000000000000
0000000000000000000000000000000
0000000000000000000000000000000
