
0000000000000000000000000000000000000000000000000000000000000000000000000000000000000000000000000000000000000000000000000000000000000000000000000000000000000000000000000000000000000000000000000000000000000000000000000000000000000000000000000000000000000000000000000000000000000000
0000000000000000000000000000000000000000000000000000000000000000000000000000000000000000000000000000000000000000000000000000000000000000000000000000000000000000000000000000000000000000000000000000000000000000000000000000000000000000000000000000000000000000000000000000000000000000
0000000000000000000000000000000000000000000000000000000000000000000000000000000000000000000000000000000000000000000000000000000000000000000000000000000000000000000000000000000000000000000000000000000000000000000000000000000000000000000000000000000000000000000000000000000000000000
0000000000000000000000000000000000000000000000000000000000000000000000000000000000000000000000000000000000000000000000000000000000000000000000000000000000000000000000000000000000000000000000000000000000000000000000000000000000000000000000000000000000000000000000000000000000000000
0000000000000000000000000000000000000000000000000000000000000000000000000000000000000000000000000000000000000000000000000000000000000000000000000000000000000000000000000000000000000000000000000000000000000000000000000000000000000000000000000000000000000000000000000000000000000000
0000000000000000000000000000000000000000000000000000000000000000000000000000000000000000000000000000000000000000000000000000000000000000000000000000000000000000000000000000000000000000000000000000000000000000000000000000000000000000000000000000000000000000000000000000000000000000
0000000000000000000000000000000000000000000000000000000000000000000000000000000000000000000000000000000000000000000000000000000000000000000000000000000000000000000000000000000000000000000000000000000000011100000000000011000000000000000000000000000000000000000000000000000000000000
0000000000000000000000000000000000000000000000000000000000000000000000000000000000000000000000000000000000000000000000000000000000000000000000000000000000000000000000000000000000000000000000000000000000111110000000011110000000000000000000000000000000000000000000000000000000000000
0000000000000000000000000000000000000000000000000000000000000000000000000000000000000000000000000000000000000000000000000000000000000000000000000000000000000000000000000000000011000000000000000000011000111110000001111110000000000000000000000000000000000000000000000000000000000000
0000000001111111110000000000000000011111111100000000000000000000000000000000000000000000000000000000000000000000000000000000000000000000000000000000000000000000000000000000000011111111111111111111111000011100000011111110000000000000000000000000000000000000000000000000000000000000
0000000000011111110000000000000000011111110000000000000000000000000000000000000000000000000000000000000000000000000000000000000000000000000000000000000000000000000000000000000011111100011111000111111000000000000000011110000000000000000000000000000000000000000000000000000000000000
0000000000001111111000000000000000011111100000000000000000000000000000000000000000000000000000000000000000000000000000000000000000000000000000000000000000000000000000000000000011110000011111000011111000000000000000011110000000000000000000000000000000000000000000000000000000000000
0000000000001111111000000000000000111111100000000000000000000000000000000000000000000000000000000000000000000000000000000000000000000000000000000000000000000000000000000000000011110000011111000001111000000000000000011110000000000000000000000000000000000000000000000000000000000000
0000000000001111111100000000000000111111100000000000000000000000000000000000000000000000000000000000000000000000000000000000000000000000000000000000000000000000000000000000000011100000011111000000111000000000000000011110000000000000000000000000000000000000000000000000000000000000
0000000000001111111100000000000000111111100000000000000000000000000000000000000000000000000000000000000000000000000000000000000000000000000000000000000000000000000000000000000011100000011111000000111000000000000000011110000000000000000000000000000000000000000000000000000000000000
0000000000001111111100000000000001111111100000000000000000000000000000000000000000000000000000000000000000000000000000000000000000000000000000000000000000000000000000000000000011100000011111000000111000000000000000011110000000000000000000000000000000000000000000000000000000000000
0000000000001110111110000000000001111111100000000000000000000000000000000000000000000000000000000000000000000000000000000000000000000000000000000000000000000000000000000000000000000000011111000000000000000000000000011110000000000000000000000000000000000000000000000000000000000000
0000000000001110111110000000000011100111110000000000001111110000000000011100000111110000000111110000000000000001111111000000000001110000011111111111110000111111111100000000000000000000011111000000000000011100000000011110000000000001111110000000000000111111100000000000000000000000
0000000000001110111111000000000011100111110000000000111001111100000011111100001111111000001111111000000000000111001111110000001111110001111111001111100000001111110000000000000000000000011111000000000011111100000000011110000000000111001111100000000011100011110000000000000000000000
0000000000001100011111000000000011000111110000000001100000011100000111111100011111111100011111111100000000011100000011111100011111110011111111000111100000000111100000000000000000000000011111000000000111111100000000011110000000001100000011100000000111000001110000000000000000000000
0000000000001100011111000000000111000111110000000011000000011110000000111100111001111100111001111100000000110000000001111100000011110111100111000011110000000011100000000000000000000000011111000000000000111100000000011110000000011000000011110000001111000001110000000000000000000000
0000000000011100001111100000000110000111110000000111000000001111000000111101110000111101110000111100000001110000000000111110000011110110000011000011110000000111000000000000000000000000011111000000000000111100000000011110000000111000000001111000001111000000110000000000000000000000
0000000000011100001111100000001110000111110000001110000000001111000000111111100000111111100000111100000011100000000000111110000011111110000011000011111000000111000000000000000000000000011111000000000000111100000000011110000001110000000001111000001111100000110000000000000000000000
0000000000011100001111110000001100000111110000001111111111111111000000111111000000111111000000111100000011100000000000011111000011111100000011000001111000000111000000000000000000000000011111000000000000111100000000011110000001111111111111111000001111110000000000000000000000000000
0000000000011100000111110000011100000111110000001110000000000000000000111111000000111111000000111100000011100000000000011111000011111100000000000001111000000110000000000000000000000000011111000000000000111100000000011110000001110000000000000000000111111000000000000000000000000000
0000000000011100000111110000011100000111110000011110000000000000000000111110000000111110000000111100000111100000000000001111000011111000000000000000111100001110000000000000000000000000011111000000000000111100000000011110000011110000000000000000000011111110000000000000000000000000
0000000000011100000011111000011000000011111000011110000000000000000000111110000000111110000000111100000111100000000000001111000011111000000000000000111100001100000000000000000000000000011111000000000000111100000000011110000011110000000000000000000001111111000000000000000000000000
0000000000011100000011111000111000000011111000011110000000000000000000111100000000111100000000111100000111100000000000001111000011110000000000000000011110011100000000000000000000000000011111000000000000111100000000011110000011110000000000000000000000011111110000000000000000000000
0000000000011100000011111100110000000011111000011110000000000000000000111100000000111100000000111100000111100000000000001111000011110000000000000000011110011100000000000000000000000000011111000000000000111100000000011110000011110000000000000000000000001111110000000000000000000000
0000000000111100000001111101110000000011111000011111000000000000000000111100000000111100000000111100000111110000000000001110000011110000000000000000011111011000000000000000000000000000011111000000000000111100000000011110000011111000000000000000000000000111111000000000000000000000
0000000000111100000001111101100000000011111000011111000000000001100000111100000000111100000000111100000111110000000000001110000011110000000000000000001111111000000000000000000000000000011111000000000000111100000000011110000011111000000000001100011000000011111000000000000000000000
0000000000111100000000111111100000000011111000001111100000000011000000111100000000111100000000111100000011111000000000001110000011110000000000000000001111110000000000000000000000000000011111000000000000111100000000011110000001111100000000011000011000000001111000000000000000000000
0000000000111100000000111111100000000011111000001111110000000110000000111100000000111100000000111100000011111000000000011100000011110000000000000000000111110000000000000000000000000000011111000000000000111100000000011110000001111110000000110000011000000001111000000000000000000000
0000000001111100000000111111000000000011111000000111111000011100000000111100000000111100000000111100000001111100000000011000000011110000000000000000000111110000000000000000000000000000011111000000000000111100000000011110000000111111000011100000011100000001110000000000000000000000
0000000001111110000000011111000000000011111100000011111111111000000000111100000000111100000000111100000001111110000000110000000011110000000000000000000111100000000000000000000000000000011111000000000000111100000000011110000000011111111111000000011110000011100000000000000000000000
0000000111111110000000011110000000000111111110000001111111110000000001111110000000111110000000111110000000011111100011100000000111111000000000000000000011100000000000000000000000000000111111100000000001111110000000111111000000001111111110000000011111000111000000000000000000000000
0000001111111111100000001110000000011111111111100000111111000000000111111111100001111111100001111111100000000111111110000000011111111111000000000000000011000000000000000000000000000011111111111000000111111111100011111111110000000111111000000000000111111100000000000000000000000000
0000000000000000000000001100000000000000000000000000000000000000000000000000000000000000000000000000000000000000000000000000000000000000000000000000000011000000000000000000000000000000000000000000000000000000000000000000000000000000000000000000000000000000000000000000000000000000
0000000000000000000000000000000000000000000000000000000000000000000000000000000000000000000000000000000000000000000000000000000000000000000000000000000111000000000000000000000000000000000000000000000000000000000000000000000000000000000000000000000000000000000000000000000000000000
0000000000000000000000000000000000000000000000000000000000000000000000000000000000000000000000000000000000000000000000000000000000000000000000000000000110000000000000000000000000000000000000000000000000000000000000000000000000000000000000000000000000000000000000000000000000000000
0000000000000000000000000000000000000000000000000000000000000000000000000000000000000000000000000000000000000000000000000000000000000000000000000000001110000000000000000000000000000000000000000000000000000000000000000000000000000000000000000000000000000000000000000000000000000000
0000000000000000000000000000000000000000000000000000000000000000000000000000000000000000000000000000000000000000000000000000000000000000000000000000001110000000000000000000000000000000000000000000000000000000000000000000000000000000000000000000000000000000000000000000000000000000
0000000000000000000000000000000000000000000000000000000000000000000000000000000000000000000000000000000000000000000000000000000000000000000000111100111100000000000000000000000000000000000000000000000000000000000000000000000000000000000000000000000000000000000000000000000000000000
0000000000000000000000000000000000000000000000000000000000000000000000000000000000000000000000000000000000000000000000000000000000000000000000011111111000000000000000000000000000000000000000000000000000000000000000000000000000000000000000000000000000000000000000000000000000000000
0000000000000000000000000000000000000000000000000000000000000000000000000000000000000000000000000000000000000000000000000000000000000000000000001111110000000000000000000000000000000000000000000000000000000000000000000000000000000000000000000000000000000000000000000000000000000000
0000000000000000000000000000000000000000000000000000000000000000000000000000000000000000000000000000000000000000000000000000000000000000000000000111100000000000000000000000000000000000000000000000000000000000000000000000000000000000000000000000000000000000000000000000000000000000
0000000000000000000000000000000000000000000000000000000000000000000000000000000000000000000000000000000000000000000000000000000000000000000000000000000000000000000000000000000000000000000000000000000000000000000000000000000000000000000000000000000000000000000000000000000000000000
0000000000000000000000000000000000000000000000000000000000000000000000000000000000000000000000000000000000000000000000000000000000000000000000000000000000000000000000000000000000000000000000000000000000000000000000000000000000000000000000000000000000000000000000000000000000000000
0000000000000000000000000000000000000000000000000000000000000000000000000000000000000000000000000000000000000000000000000000000000000000000000000000000000000000000000000000000000000000000000000000000000000000000000000000000000000000000000000000000000000000000000000000000000000000
0000000000000000000000000000000000000000000000000000000000000000000000000000000000000000000000000000000000000000000000000000000000000000000000000000000000000000000000000000000000000000000000000000000000000000000000000000000000000000000000000000000000000000000000000000000000000000