
000000000000000000000000000000
000000000000000000000000000000
000000000000000000000000000000
000000000000000000000000000000
000000000000111111000000000000
000000000001000001100000000000
000001111111111111111111100000
000011000000000000000101110000
000011111111111111111111110000
000001000000000000010110100000
000001101000000010100111100000
000001010000100011011011100000
000001101001010010101101100000
000001010001010011101111100000
000001101001010010100111100000
000001010001010011101111100000
000001101001010010100111100000
000001010001010011101111100000
000001101001010010100111100000
000001010001010011101111100000
000001101001010010100111100000
000001010001010011101111100000
000001101001010010100111100000
000001010001010011101111100000
000001101001010010100111100000
000001010001010011101111100000
000001101001010010100111100000
000001010001010011101111100000
000001101001010010100111100000
000001010001010011101111100000
000001101001010010100111100000
000001101001110011101111100000
000001010000100011001101100000
000001010000000001001011100000
000001100000000000010111100000
000000111111111111111111000000
000000000000000000000000000000
000000000000000000000000000000
000000000000000000000000000000
000000000000000000000000000000