000000000000000000000000000000
000000000000000000000000000000
000000000000000000000000000000
000100010001000100010001000000
001010101010101010101010101000
000001000100010001000100010000
000000000000000000000000000000
000000000000000000000000000000
000100010001000100010001000000
001010101010101010101010101000
000001000100010001000100010000
000000000000000000000000000000
000000000000000000000000000000
000100010001000100010001000000
001010101010101010101010101000
000001000100010001000100010000
000000000000000000000000000000
000000000000000000000000000000
000100010001000100010001000000
001010101010101010101010101000
000001000100010001000100010000
000000000000000000000000000000
000000000000000000000000000000
000100010001000100010001000000
001010101010101010101010101000
000001000100010001000100010000
000000000000000000000000000000
000000000000000000000000000000
000100010001000100010001000000
001010101010101010101010101000
000001000100010001000100010000
000000000000000000000000000000
000000000000000000000000000000
000100010001000100010001000000
001010101010101010101010101000
000001000100010001000100010000
000000000000000000000000000000
000000000000000000000000000000
000000000000000000000000000000
000000000000000000000000000000
