
000000000000000000000000000000
000000000000000000000000000000
000000000000000000000000000000
000000000000000000000000000000
000000000000000000000000000000
000000000000000000000000000000
000000000000000000000000000000
000000000001111111000000000000
000000000111111101111000000000
000000011111110000001110000000
000000111111100000000011000000
000001111111100000000001100000
000011111111000011000000110000
000011111111000011100000010000
000111111111000111100000011000
000111111111000011000000001000
000111111111000000000000001000
001111111111100000000000001100
001111111111110000000000001100
001111111111111100000000001100
001111111111111110000000001100
001111111111111111000000001100
001111111111111111100000001100
001111111111111111100000001000
000111111111001111110000011000
000111111110000111100000011000
000011111111001111110000110000
000011111111111111100001110000
000001111111111111100001100000
000000111111111111000111000000
000000011111111110011110000000
000000000111111111111000000000
000000000000111111000000000000
000000000000000000000000000000
000000000000000000000000000000
000000000000000000000000000000
000000000000000000000000000000
000000000000000000000000000000
000000000000000000000000000000
000000000000000000000000000000